2025-01-22_16-23_stress_quic 0.0712136 0.927783 0.928786 0 997
2025-01-22_16-33_stress_quic 0.0621866 0.937813 0.937813 0 997
2025-01-22_16-43_stress_quic 0.0751503 0.92485 0.92485 0 998
2025-01-22_16-53_stress_quic 0.0290581 0.968938 0.968938 0.00200401 998
2025-01-22_17-03_stress_quic 0.01002 0.98998 0.98998 0 998
2025-01-22_17-13_stress_quic 0.0290581 0.970942 0.970942 0 998
2025-01-22_17-23_stress_quic 0.012024 0.986974 0.987976 0 998
2025-01-22_17-33_stress_quic 0.0400802 0.95992 0.95992 0 998
2025-01-22_17-43_stress_quic 0.117234 0.881764 0.882766 0 998
2025-01-22_17-53_stress_quic 0.310933 0.689067 0.689067 0 997
2025-01-22_18-03_stress_quic 0.260521 0.739479 0.739479 0 998
2025-01-22_18-13_stress_quic 0.164329 0.835671 0.835671 0 998
2025-01-22_18-23_stress_quic 0.0701403 0.92986 0.92986 0 998
2025-01-22_18-33_stress_quic 0.00300903 0.996991 0.996991 0 997
2025-01-22_18-43_stress_quic 0.00300601 0.996994 0.996994 0 998
