2025-01-22_18-53_stress_quic 0 0.00702106 0.992979 0.992979 0 997
2025-01-22_19-03_stress_quic 100 0.0130391 0.986961 0.986961 0 997
2025-01-22_19-13_stress_quic 200 0.001002 0.998998 0.998998 0 998
2025-01-22_19-23_stress_quic 300 0.00501002 0.99499 0.99499 0 998
2025-01-22_19-33_stress_quic 400 0.01002 0.98998 0.98998 0 998
2025-01-22_19-43_stress_quic 500 0.00701403 0.992986 0.992986 0 998
2025-01-22_19-53_stress_quic 600 0.00702106 0.992979 0.992979 0 997
2025-01-22_20-03_stress_quic 700 0.00300601 0.996994 0.996994 0 998
2025-01-22_20-13_stress_quic 800 0.00801603 0.991984 0.991984 0 998
2025-01-22_20-23_stress_quic 900 0.00401606 0.995984 0.995984 0 996
2025-01-22_20-33_stress_quic 1000 0.0120361 0.987964 0.987964 0 997
2025-01-22_20-43_stress_quic 1100 0.00300601 0.996994 0.996994 0 998
2025-01-22_20-53_stress_quic 1200 0.0170341 0.982966 0.982966 0 998
2025-01-22_21-03_stress_quic 1300 0.10521 0.89479 0.89479 0 998
2025-01-22_21-13_stress_quic 1400 0.173347 0.825651 0.826653 0 998
2025-01-22_21-23_stress_quic 1500 0.335671 0.662325 0.664329 0 998
2025-01-22_21-33_stress_quic 1500 0.0721443 0.927856 0.927856 0 998
2025-01-22_21-53_stress_quic 1500 0.00506586 0.994934 0.994934 0 987
