2025-01-18_18-33_stress_quic -200 0.00801603 0.991984 0.991984 0 998
2025-01-18_18-43_stress_quic -100 0.00400802 0.99499 0.99499 0.001002 998
2025-01-18_18-53_stress_quic 0 0.0190381 0.980962 0.980962 0 998
2025-01-18_19-03_stress_quic 100 0.0571715 0.942828 0.942828 0 997
2025-01-18_19-13_stress_quic 200 0.246493 0.752505 0.753507 0 998
2025-01-18_19-23_stress_quic 300 0.446894 0.552104 0.553106 0 998
2025-01-18_19-33_stress_quic 400 0.561122 0.437876 0.438878 0 998
2025-01-18_19-43_stress_quic 500 0.578156 0.420842 0.421844 0 998
2025-01-18_19-53_stress_quic 600 0.57515 0.422846 0.42485 0 998
2025-01-18_20-03_stress_quic 700 0.657315 0.341683 0.342685 0 998
2025-01-18_20-13_stress_quic 800 0.711423 0.288577 0.288577 0 998
2025-01-18_20-23_stress_quic 900 0.784569 0.213427 0.215431 0 998
2025-01-18_20-33_stress_quic 1000 0.822645 0.176353 0.177355 0 998
2025-01-18_20-43_stress_quic 1100 0.807422 0.191575 0.192578 0 997
2025-01-18_20-53_stress_quic 1200 0.791583 0.208417 0.208417 0 998
2025-01-18_21-03_stress_quic 1300 0.750501 0.248497 0.249499 0 998
2025-01-18_21-13_stress_quic 1400 0.775551 0.222445 0.224449 0 998
2025-01-18_21-23_stress_quic 1500 0.742485 0.256513 0.257515 0 998
2025-01-18_21-33_stress_quic 1600 0.0180542 0.981946 0.981946 0 997
2025-01-18_21-43_stress_quic 1700 0.00501002 0.99499 0.99499 0 998
2025-01-18_21-53_stress_quic 1800 0.00200401 0.997996 0.997996 0 998
#2025-01-18_22-03_stress_quic 1900 0.012024 0.987976 0.987976 0 998
