2025-01-16_06-43_stress_quic 100 0.379137 0.61986 0.620863 0 997
2025-01-16_06-53_stress_quic 200 0.462254 0.535677 0.537746 0 967
2025-01-16_07-03_stress_quic 300 0.520562 0.477432 0.479438 0 997
2025-01-16_07-13_stress_quic 400 0.585757 0.41324 0.41324 0.00100301 997
2025-01-16_07-23_stress_quic 500 0.663992 0.334002 0.336008 0 997
2025-01-16_07-33_stress_quic 600 0.691073 0.305918 0.307924 0.00100301 997
2025-01-16_07-43_stress_quic 700 0.794383 0.203611 0.205617 0 997
2025-01-16_07-53_stress_quic 800 0.79338 0.20662 0.20662 0 997
2025-01-16_08-03_stress_quic 900 0.75326 0.244734 0.24674 0 997
2025-01-16_08-13_stress_quic 1000 0.790371 0.20662 0.209629 0 997
2025-01-16_08-23_stress_quic 1100 0.762287 0.233701 0.23671 0.00100301 997
2025-01-16_08-33_stress_quic 1200 0.811434 0.18656 0.188566 0 997
2025-01-16_08-43_stress_quic 1300 0.0853414 0.910643 0.910643 0.00401606 996
2025-01-16_08-53_stress_quic 1400 0.129518 0.86747 0.868474 0.00200803 996
2025-01-16_09-03_stress_quic 1500 0.358074 0.636911 0.641926 0 997
2025-01-16_09-13_stress_quic 1600 0.190572 0.808425 0.809428 0 997
