2025-01-22_22-53_stress_quic 1500 0.00701403 0.992986 0.992986 0 998
2025-01-22_23-03_stress_quic 1400 0.0130261 0.986974 0.986974 0 998
2025-01-22_23-13_stress_quic 1300 0.00801603 0.991984 0.991984 0 998
2025-01-22_23-23_stress_quic 1200 0.0160321 0.983968 0.983968 0 998
2025-01-22_23-33_stress_quic 1100 0.0262097 0.972782 0.972782 0.00100806 992
2025-01-22_23-43_stress_quic 1000 0.0150301 0.98497 0.98497 0 998
2025-01-22_23-53_stress_quic 900 0.00501002 0.99499 0.99499 0 998
2025-01-23_00-03_stress_quic 800 0.012024 0.987976 0.987976 0 998
2025-01-23_00-13_stress_quic 700 0.0140281 0.985972 0.985972 0 998
2025-01-23_00-23_stress_quic 600 0.0170683 0.981928 0.981928 0.00100402 996
2025-01-23_00-33_stress_quic 500 0.0881764 0.910822 0.911824 0 998
2025-01-23_00-43_stress_quic 400 0.106319 0.891675 0.892678 0.00100301 997
2025-01-23_00-53_stress_quic 300 0.0571142 0.93988 0.93988 0.00300601 998
2025-01-23_01-03_stress_quic 200 0.175351 0.818637 0.823647 0.001002 998
2025-01-23_01-13_stress_quic 100 0.198397 0.800601 0.801603 0 998
